result_vec <- c(2, 4, 6, 4, 8, 12)
result_vec[3:6] <- c(-0.1, -100, -0.1, -100)