x <- 1:10
y <- 5 
x <- x/y
x

x1 <- 1:10
y <- 5
x1 <- x1*(1/y)

